This file was created by CMPT_ME_BEME_RETS using the 200508 CRSP database.
The 1-month TBill return is from Ibbotson and Associates, Inc.

        Mkt-RF     SMB     HML      RF
192607    2.65   -2.38   -3.03    0.22
192608    2.52   -1.28    4.35    0.25
192609    0.02   -1.30    0.09    0.23
192610   -3.11   -0.10    0.59    0.32
192611    2.45   -0.37   -0.31    0.31
192612    2.65   -0.06   -0.13    0.28
192701   -0.07   -0.17    5.07    0.25
192702    4.26    0.42    3.05    0.26
192703    0.37   -1.79   -3.01    0.30
192704    0.43    0.53    1.22    0.25
192705    5.41    0.44    2.78    0.30
192706   -2.29    0.97   -1.61    0.26
192707    7.27   -3.17   -1.24    0.30
192708    2.27   -0.87   -3.38    0.28
192709    4.48   -3.13   -0.82    0.21
192710   -4.20    2.14   -4.11    0.25
192711    6.72    2.27   -0.33    0.21
192712    2.09    0.81   -0.96    0.22
192801   -0.54    4.34   -1.44    0.25
192802   -1.69   -1.91   -0.81    0.33
192803    8.69   -0.07   -1.48    0.29
192804    4.07    3.93    2.82    0.22
192805    1.63    2.78   -3.50    0.32
192806   -4.91   -3.57    0.02    0.31
192807    0.71   -1.55   -0.55    0.32
192808    6.48   -1.84   -2.52    0.32
192809    2.83    2.14    0.88    0.27
192810    1.67    2.30   -2.34    0.41
192811   11.69   -1.62    2.92    0.38
192812    0.32   -0.87   -0.21    0.06
192901    4.98   -2.92   -2.04    0.34
192902   -0.46    1.06    0.97    0.36
192903   -1.08   -3.98    0.77    0.34
192904    1.42   -0.68    1.24    0.36
192905   -6.02   -7.50    1.24    0.44
192906    9.38   -1.53   -2.88    0.52
192907    4.23   -4.06    2.10    0.33
192908    8.02   -9.22    0.11    0.40
192909   -5.30    1.56   -0.97    0.35
192910  -20.03   -4.06    8.91    0.46
192911  -12.64   -1.58    5.41    0.37
192912    1.41   -4.71   -0.58    0.37
193001    5.41    3.94   -2.67    0.14
193002    2.34    0.55    0.19    0.30
193003    7.29    4.03   -0.13    0.35
193004   -2.39   -1.16   -1.90    0.21
193005   -1.54   -1.68   -1.61    0.26
193006  -16.01   -2.93    2.39    0.27
193007    3.89    0.50   -2.38    0.20
193008    0.22   -2.04   -1.00    0.09
193009  -12.66   -2.08   -4.48    0.22
193010   -8.49   -1.30   -0.75    0.09
193011   -2.72    2.25   -2.89    0.13
193012   -7.89   -5.03   -5.08    0.14
193101    6.06    3.51    7.64    0.15
193102   10.86    2.98    2.59    0.04
193103   -6.57    2.81   -3.28    0.13
193104   -9.93   -4.72   -3.86    0.08
193105  -13.39    5.85   -6.37    0.09
193106   13.69   -5.09   10.91    0.08
193107   -6.44    1.82   -3.82    0.06
193108    0.05   -1.00   -2.59    0.03
193109  -29.01   -0.50   -6.52    0.03
193110    7.97    0.02    0.12    0.10
193111   -9.11    4.62   -5.33    0.17
193112  -13.61    0.08   -9.54    0.12
193201   -1.30    3.43    9.91    0.23
193202    5.46   -1.33   -3.85    0.23
193203  -11.09    2.19   -1.82    0.16
193204  -18.11    1.47   -1.11    0.11
193205  -20.75    5.41   -3.75    0.06
193206   -0.96   -2.47    8.09    0.02
193207   33.11   -7.01   35.92    0.03
193208   36.50   19.40   24.75    0.03
193209   -3.18   -2.47   -6.63    0.03
193210  -13.08   -2.83   -9.90    0.02
193211   -5.58    1.55  -12.32    0.02
193212    4.47   -9.93   -6.90    0.01
193301    0.96   -0.17    7.88    0.01
193302  -13.26   -1.51    1.29   -0.03
193303    1.56    2.39    2.16    0.04
193304   38.17    5.14   17.17    0.10
193305   21.17   37.81   15.00    0.04
193306   13.35    8.21   -3.09    0.02
193307   -9.63   -0.32    1.27    0.02
193308   12.14   -5.47    3.39    0.03
193309  -10.59    0.04  -13.22    0.02
193310   -8.26    0.03   -8.16    0.01
193311    9.94   -6.22    1.20    0.02
193312    1.99   -0.25   -1.60    0.02
193401   12.94   12.17   16.99    0.05
193402   -2.36    5.31    1.91    0.02
193403    0.47    2.43   -2.90    0.02
193404   -1.81    2.91   -4.93    0.01
193405   -7.08   -0.09   -7.35    0.01
193406    2.51   -2.53   -2.32    0.01
193407  -10.83   -6.19  -11.67    0.01
193408    5.94    4.55    1.16    0.01
193409   -0.30   -1.80   -0.52    0.01
193410   -2.04    1.71   -3.90    0.01
193411    8.40    7.19   -4.99    0.01
193412    0.40    2.82   -3.10    0.01
193501   -3.22    1.09   -2.33    0.01
193502   -2.00    0.44   -7.25    0.02
193503   -3.75   -3.82   -5.13    0.01
193504    8.94   -1.98    5.26    0.01
193505    3.47   -3.94    1.62    0.01
193506    5.48   -2.80   -0.05    0.01
193507    7.40    2.76    5.49    0.01
193508    2.78    7.03    4.46    0.01
193509    2.40    0.86   -4.27    0.01
193510    7.04    2.29   -0.28    0.01
193511    5.16    5.64   10.58    0.02
193512    4.60    0.84    0.31    0.01
193601    6.59    6.44   10.15    0.01
193602    2.60    0.74    3.86    0.01
193603    0.85    1.07   -2.14    0.02
193604   -7.87   -6.77   -2.17    0.02
193605    5.03    0.73    2.52    0.02
193606    2.57   -3.02   -0.87    0.03
193607    6.38    1.19    2.00    0.01
193608    1.11   -0.07    3.64    0.02
193609    1.46    3.37   -0.61    0.01
193610    6.98   -2.22    1.85    0.02
193611    3.41    8.38   -1.69    0.01
193612    0.12    3.02    5.59    0.00
193701    3.26    4.25    3.52    0.01
193702    1.31    0.37    5.50    0.02
193703   -0.43   -2.11    7.08    0.01
193704   -7.48   -3.33   -4.93    0.03
193705   -0.87   -0.59   -3.54    0.06
193706   -4.10   -3.30   -3.00    0.03
193707    8.39    1.82    0.10    0.03
193708   -4.56    0.21   -2.44    0.02
193709  -13.54   -6.77   -4.77    0.04
193710   -9.50    0.27   -1.71    0.02
193711   -8.36   -3.24    0.11    0.02
193712   -4.08   -7.87   -1.43    0.00
193801    0.84    5.83   -1.87    0.00
193802    5.73    0.27   -1.82    0.00
193803  -23.67   -3.76   -4.85   -0.01
193804   14.54    6.57    0.07    0.01
193805   -3.91   -2.33   -1.02    0.00
193806   23.62    3.50    2.61    0.00
193807    7.19    6.70    0.54   -0.01
193808   -2.73   -2.40   -4.12    0.00
193809    0.87   -2.86   -1.30    0.02
193810    7.74    6.85    4.16    0.01
193811   -1.77   -2.40   -0.69   -0.06
193812    4.06   -2.00    1.07    0.00
193901   -5.96   -1.43   -3.45   -0.01
193902    3.47    0.35    3.09    0.01
193903  -11.91   -5.31   -8.14   -0.01
193904   -0.26    2.02    0.36    0.00
193905    6.85    3.83   -0.28    0.01
193906   -5.33   -1.68   -5.35    0.01
193907   10.12    4.65    0.23    0.00
193908   -6.60   -4.52   -2.65   -0.01
193909   15.99   18.30   21.99    0.01
193910   -0.41    0.30   -4.40    0.00
193911   -3.66   -4.20   -6.34    0.00
193912    3.01    0.71   -4.09    0.00
194001   -2.46    0.37   -0.28    0.00
194002    1.43    2.22   -0.52    0.00
194003    1.89    1.65   -1.08    0.00
194004    0.13    3.67   -0.40    0.00
194005  -22.01   -6.05   -3.56   -0.02
194006    6.66   -2.46    4.34    0.00
194007    3.24    0.71   -0.50    0.01
194008    2.37    0.36    0.32   -0.01
194009    2.30    3.46   -1.88    0.00
194010    2.99   -0.43    5.73    0.00
194011   -1.64    2.02    0.50    0.00
194012    0.69   -2.31   -1.15    0.00
194101   -4.04    0.86    3.62   -0.01
194102   -1.48   -1.56    0.81   -0.01
194103    0.94    0.33    3.23    0.01
194104   -5.29   -1.67    3.33   -0.01
194105    1.43   -1.01    0.93    0.00
194106    5.84    1.41    0.66    0.00
194107    5.81    5.86    6.92    0.03
194108    0.05   -0.29   -1.08    0.01
194109   -0.75   -1.46    0.08    0.01
194110   -5.16   -2.34    1.74    0.00
194111   -1.96   -0.84   -1.08    0.00
194112   -4.69   -3.31   -4.93    0.01
194201    0.56    7.52    9.89    0.02
194202   -2.29    1.61   -1.06    0.01
194203   -6.57    2.24   -1.24    0.01
194204   -4.33   -0.76    2.02    0.01
194205    6.12   -3.18   -3.07    0.03
194206    2.48   -0.97    0.12    0.02
194207    3.45   -0.39    2.47    0.03
194208    1.84   -0.51    1.80    0.03
194209    2.60    0.35    3.64    0.03
194210    6.77    1.30    6.67    0.03
194211    0.11   -0.56   -5.36    0.03
194212    4.93   -2.10    1.01    0.03
194301    7.51    7.97    7.22    0.03
194302    5.98    4.29    6.17    0.03
194303    6.14    4.95    5.37    0.03
194304    0.66    1.75    6.62    0.03
194305    5.67    4.35    2.99    0.03
194306    1.67   -0.51   -0.83    0.03
194307   -4.66   -2.69   -2.38    0.03
194308    1.26   -0.85   -0.95    0.03
194309    2.39    1.38    1.38    0.03
194310   -1.25    0.87    1.30    0.03
194311   -5.86   -1.55   -4.84    0.03
194312    6.30    3.33    3.09    0.03
194401    1.76    2.20    2.33    0.03
194402    0.40    0.09    1.41    0.03
194403    2.41    1.85    2.91    0.02
194404   -1.75   -1.26   -0.76    0.03
194405    5.16    1.35    1.15    0.03
194406    5.64    4.07    2.42    0.03
194407   -1.54    0.74   -0.68    0.03
194408    1.50    2.19   -1.38    0.03
194409    0.02    0.51   -1.12    0.02
194410    0.24   -0.23   -0.16    0.03
194411    1.51    0.61    1.82    0.03
194412    4.20    1.52    6.62    0.02
194501    1.79    2.94    0.65    0.03
194502    6.52    1.47    4.33    0.02
194503   -3.93   -1.92   -1.36    0.02
194504    7.75    0.45    3.56    0.03
194505    1.79    1.31    1.07    0.03
194506    0.39    2.89    4.28    0.02
194507   -2.25   -1.68   -2.50    0.03
194508    6.04    1.54   -4.42    0.03
194509    4.77    1.88    0.41    0.03
194510    3.89    2.47    1.69    0.03
194511    5.46    3.93    4.34    0.02
194512    1.12    2.57   -2.01    0.03
194601    6.30    3.97    1.85    0.03
194602   -5.82   -0.78   -1.29    0.03
194603    5.93    0.22   -0.78    0.03
194604    4.12    2.31   -0.22    0.03
194605    4.04    1.42    1.77    0.03
194606   -3.98   -1.44   -0.08    0.03
194607   -2.59   -2.06    0.08    0.03
194608   -6.42   -1.85    0.02    0.03
194609  -10.06   -4.43   -2.21    0.03
194610   -1.45   -0.13    3.40    0.03
194611    0.11   -0.44    1.37    0.03
194612    5.05    0.00   -1.22    0.03
194701    1.48    1.76   -0.52    0.03
194702   -1.21    0.55   -0.31    0.03
194703   -1.72   -1.59    0.55    0.03
194704   -4.81   -4.04    0.68    0.03
194705   -1.04   -3.28    0.04    0.03
194706    5.33   -0.35   -0.38    0.03
194707    4.11    1.55    3.07    0.03
194708   -1.78    0.33    0.09    0.03
194709   -0.51    1.57    1.50    0.06
194710    2.41    0.51    0.15    0.06
194711   -1.87   -1.68    1.00    0.06
194712    2.91   -2.38    3.52    0.08
194801   -3.77    2.32    1.16    0.07
194802   -4.43   -1.73   -0.05    0.07
194803    8.17    0.15    4.61    0.09
194804    3.69   -1.50    4.10    0.08
194805    7.37    0.84   -1.11    0.08
194806   -0.09   -1.78    2.60    0.09
194807   -5.12   -0.31    0.00    0.08
194808    0.30   -1.07    0.24    0.09
194809   -2.98   -1.31   -1.77    0.04
194810    5.94   -1.45    0.61    0.04
194811   -9.10   -0.63   -4.51    0.04
194812    3.17   -2.66   -1.61    0.04
194901    0.20    1.53    1.44    0.10
194902   -2.96   -1.93   -0.85    0.09
194903    3.98    2.48    1.27    0.10
194904   -1.90   -1.00   -1.06    0.09
194905   -2.83   -0.81   -2.52    0.10
194906    0.24   -1.06   -1.61    0.10
194907    5.46    0.70    0.32    0.09
194908    2.56    0.01   -0.32    0.09
194909    3.12    1.09    0.04    0.09
194910    3.07    1.02   -0.31    0.09
194911    1.84   -1.00   -0.63    0.08
194912    5.17    2.02    1.64    0.09
195001    1.54    3.66    0.12    0.09
195002    1.36   -0.02   -0.89    0.09
195003    1.12   -1.34   -2.76    0.10
195004    3.92    1.90    1.49    0.09
195005    4.19   -2.01    0.57    0.10
195006   -5.75   -2.50   -0.86    0.10
195007    1.50    0.45   13.44    0.10
195008    4.93    0.97   -1.37    0.10
195009    4.78    0.38   -0.75    0.10
195010   -0.26   -0.38    1.15    0.12
195011    2.79   -0.83    3.25    0.11
195012    5.61    1.50    7.17    0.11
195101    5.66    1.75    4.12    0.13
195102    1.41   -0.04   -2.86    0.10
195103   -2.21   -0.67   -4.08    0.11
195104    4.84   -1.52    3.35    0.13
195105   -2.38    0.05   -1.26    0.12
195106   -2.64   -1.90   -4.00    0.12
195107    6.96   -1.90    1.99    0.13
195108    4.38    0.81    0.10    0.13
195109    0.78    1.99    0.63    0.12
195110   -2.40   -0.32    0.42    0.16
195111    0.49   -0.42    0.26    0.11
195112    3.38   -2.06   -1.90    0.12
195201    1.55   -0.76    1.79    0.15
195202   -2.60    0.66   -0.40    0.12
195203    4.43   -3.00    2.32    0.11
195204   -4.99    0.39    0.20    0.12
195205    3.13   -1.03    0.10    0.13
195206    3.79   -1.62    1.29    0.15
195207    1.04   -0.34   -0.41    0.15
195208   -0.85    1.16   -0.07    0.15
195209   -2.08    1.23   -1.69    0.16
195210   -0.67   -1.16   -0.27    0.14
195211    5.80   -0.70    1.00    0.10
195212    2.96   -1.47    0.13    0.16
195301   -0.33    3.54    1.21    0.16
195302   -0.30    2.12   -0.11    0.14
195303   -1.51   -0.02   -1.04    0.18
195304   -2.90    0.24    1.35    0.16
195305    0.50    0.01    0.22    0.17
195306   -1.81   -1.86   -0.57    0.18
195307    2.37   -0.97   -0.36    0.15
195308   -4.57    0.41   -3.61    0.17
195309    0.15   -0.80   -2.60    0.16
195310    4.57   -1.29    0.01    0.13
195311    2.75   -1.24   -0.33    0.08
195312   -0.06   -0.75   -2.89    0.13
195401    4.95    0.56    3.62    0.11
195402    1.85   -0.32   -0.49    0.07
195403    3.70   -0.55   -1.45    0.08
195404    4.17   -3.42   -0.46    0.09
195405    3.09    0.37    2.53    0.05
195406    1.08    0.43    0.00    0.06
195407    4.99    0.94    4.34    0.05
195408   -2.30    2.70   -1.66    0.05
195409    6.34   -2.37    0.46    0.09
195410   -1.69    0.56    0.72    0.07
195411    9.54   -2.58    4.02    0.06
195412    5.45    2.23    5.58    0.08
195501    0.63    0.31    2.04    0.08
195502    3.05    1.42    0.77    0.09
195503   -0.22   -0.61    1.94    0.10
195504    3.13   -1.81    0.91    0.10
195505    1.05   -0.25   -0.76    0.14
195506    6.49   -4.46    1.65    0.10
195507    1.90   -1.13    0.33    0.10
195508    0.28   -0.54    0.75    0.16
195509   -0.38    0.26   -0.80    0.16
195510   -2.75    1.56   -0.26    0.18
195511    6.98   -2.14    0.21    0.17
195512    1.47    2.09   -2.16    0.18
195601   -3.02    0.43    0.87    0.22
195602    3.77   -0.90   -0.39    0.19
195603    6.66   -1.96   -0.85    0.15
195604    0.33   -0.08    0.02    0.19
195605   -5.14    1.36   -1.26    0.23
195606    3.49   -1.30   -1.17    0.20
195607    4.87   -2.02    0.46    0.22
195608   -3.09    2.29   -1.42    0.17
195609   -5.24    1.68    1.73    0.18
195610    0.52   -0.16   -0.15    0.25
195611    0.60    0.01    1.78    0.20
195612    2.83   -0.17   -2.26    0.24
195701   -3.48    3.66    2.46    0.27
195702   -2.10   -0.78   -0.52    0.24
195703    2.17    0.26   -0.42    0.23
195704    4.26   -1.81   -1.31    0.25
195705    3.39   -1.07   -2.15    0.26
195706   -0.80    0.43   -0.02    0.24
195707    0.66   -0.45   -0.05    0.30
195708   -5.26    0.07   -0.24    0.25
195709   -6.02    0.10    0.93    0.26
195710   -4.41   -2.58   -1.98    0.29
195711    2.26    0.39   -2.85    0.28
195712   -3.97   -0.85   -1.83    0.24
195801    4.69    4.29    4.28    0.28
195802   -1.52    0.74    0.17    0.12
195803    3.28    0.85   -1.25    0.09
195804    3.00   -0.73    1.66    0.08
195805    2.34    2.07   -0.16    0.11
195806    2.92   -0.19    0.42    0.03
195807    4.44    0.46    3.06    0.07
195808    1.87    1.23    0.28    0.04
195809    4.68   -0.10    3.35    0.19
195810    2.56    1.27   -1.62    0.18
195811    2.92    2.06   -1.43    0.11
195812    5.10   -2.06   -0.22    0.22
195901    0.70    3.00    2.97    0.21
195902    0.92    1.45    0.93    0.19
195903    0.25    1.38   -0.12    0.22
195904    3.64   -0.53   -1.31    0.20
195905    1.67   -2.11    1.88    0.22
195906   -0.16    0.64    1.30    0.25
195907    3.15   -0.27    0.21    0.25
195908   -1.46   -0.93    0.21    0.19
195909   -4.80   -0.11    0.49    0.31
195910    1.25    1.50   -2.08    0.30
195911    1.57    1.33   -3.34    0.26
195912    2.47   -0.60   -0.04    0.34
196001   -6.99    2.14    2.66    0.33
196002    0.99    0.71   -2.15    0.29
196003   -1.46   -0.64   -2.68    0.35
196004   -1.70    0.33   -2.22    0.19
196005    3.08    1.42   -3.84    0.27
196006    2.09   -0.24   -0.30    0.24
196007   -2.23   -0.40    1.94    0.13
196008    2.85    0.36    0.65    0.17
196009   -6.00   -0.97    1.29    0.16
196010   -0.70   -3.76    2.34    0.22
196011    4.72    0.53   -2.96    0.13
196012    4.68   -1.52   -0.67    0.16
196101    6.23    0.77    3.73    0.19
196102    3.54    3.86   -1.04    0.14
196103    2.86    3.35   -0.80    0.20
196104    0.39    0.07    1.87    0.17
196105    2.40    2.01    0.38    0.18
196106   -3.04   -2.44   -0.37    0.20
196107    2.81   -1.86   -0.31    0.18
196108    2.54   -1.78   -0.23    0.14
196109   -2.17   -1.22   -0.35    0.17
196110    2.56   -1.88    0.38    0.19
196111    4.39    1.05   -1.02    0.15
196112   -0.10   -1.16    2.21    0.19
196201   -3.86    2.00    4.82    0.24
196202    1.75   -1.23    1.01    0.20
196203   -0.66    0.27   -1.02    0.20
196204   -6.56   -1.11    0.66    0.22
196205   -8.69   -2.97    2.47    0.24
196206   -8.46   -0.81    2.99    0.20
196207    6.28    1.50   -3.55    0.27
196208    2.11    1.28   -1.19    0.23
196209   -5.23   -2.54    1.38    0.21
196210   -0.04   -3.96    1.34    0.26
196211   10.81    2.62    0.89    0.20
196212    0.96   -3.80    0.22    0.23
196301    4.93    3.09    2.32    0.25
196302   -2.42    0.40    2.20    0.23
196303    3.06   -2.56    2.04    0.23
196304    4.49   -1.37    1.01    0.25
196305    1.77    1.13    2.62    0.24
196306   -2.03   -0.23    0.85    0.23
196307   -0.44   -0.50   -0.95    0.27
196308    5.02   -1.06    1.74    0.25
196309   -1.46   -0.31    0.21    0.27
196310    2.48   -0.63   -0.14    0.29
196311   -0.83   -1.13    1.59    0.27
196312    1.88   -2.01   -0.01    0.29
196401    2.28   -0.22    1.48    0.30
196402    1.46    0.07    2.82    0.26
196403    1.45    0.88    3.31    0.31
196404    0.17   -1.39   -0.51    0.29
196405    1.48   -1.00    1.78    0.26
196406    1.21   -0.30    0.72    0.30
196407    1.71    0.16    0.78    0.30
196408   -1.41   -0.03    0.24    0.28
196409    2.77   -0.74    1.81    0.28
196410    0.60    0.46    1.00    0.29
196411    0.02    0.58   -1.91    0.29
196412    0.06   -0.24   -2.54    0.31
196501    3.58    2.54    0.41    0.28
196502    0.39    3.26    0.44    0.30
196503   -1.33    1.75    1.11    0.36
196504    3.06    1.19    0.66    0.31
196505   -0.74    0.05   -1.62    0.31
196506   -5.54   -4.11    0.34    0.35
196507    1.37    0.85    2.25    0.31
196508    2.76    2.86   -1.06    0.33
196509    2.89    0.60   -0.14    0.31
196510    2.62    2.44    1.67    0.31
196511   -0.04    4.68    0.23    0.35
196512    1.02    2.02    2.01    0.33
196601    0.83    3.84    3.56    0.38
196602   -1.21    4.46    0.39    0.35
196603   -2.47    0.97   -2.01    0.38
196604    2.14    3.33   -0.40    0.34
196605   -5.66   -4.54   -1.63    0.41
196606   -1.41    1.08    0.54    0.38
196607   -1.64   -0.42    1.07    0.35
196608   -7.95   -3.31    0.50    0.41
196609   -1.10   -1.08    0.45    0.40
196610    3.78   -6.59    2.80    0.45
196611    1.35    4.40   -4.65    0.40
196612    0.22    1.77   -1.21    0.40
196701    8.12    8.45    1.78    0.43
196702    0.73    3.34   -2.26    0.36
196703    3.95    1.76    0.07    0.39
196704    3.84    0.55   -2.62    0.32
196705   -4.26    2.04    0.85    0.33
196706    2.42    5.94    0.98    0.27
196707    4.60    3.07    2.61    0.32
196708   -0.94    0.47    1.49    0.31
196709    3.11    3.04   -2.40    0.32
196710   -3.13    1.47   -3.38    0.39
196711    0.43    0.18   -1.71    0.36
196712    3.04    5.76   -0.45    0.33
196801   -4.03    3.86    4.66    0.40
196802   -3.75   -2.86    1.20    0.39
196803    0.13   -1.29   -0.53    0.38
196804    8.98    5.75   -1.20    0.43
196805    2.25    6.35    0.85    0.45
196806    0.72   -0.20    0.76    0.43
196807   -2.68   -1.34    5.46    0.48
196808    1.38    2.34    1.02    0.42
196809    4.02    2.78    0.12    0.43
196810    0.46   -0.47    2.90    0.44
196811    5.43    2.32   -0.89    0.42
196812   -3.82    3.40   -0.04    0.43
196901   -1.20   -0.82    1.61    0.53
196902   -5.82   -3.88    0.90    0.46
196903    2.59   -0.30   -0.47    0.46
196904    1.52   -0.84    0.12    0.53
196905    0.02   -0.33    0.76    0.48
196906   -7.25   -5.31   -1.19    0.51
196907   -7.05   -3.26    1.28    0.53
196908    4.65    0.84   -3.87    0.50
196909   -2.88    1.08   -3.38    0.62
196910    4.96    3.72   -3.33    0.60
196911   -3.74   -2.61   -1.18    0.52
196912   -2.61   -3.69   -3.02    0.64
197001   -7.93    2.94    2.99    0.60
197002    5.05   -2.33    3.97    0.62
197003   -1.04   -2.37    4.22    0.57
197004  -11.03   -6.10    6.24    0.50
197005   -6.96   -4.45    3.43    0.53
197006   -5.69   -2.18    0.76    0.58
197007    6.90   -0.55    1.02    0.52
197008    4.47    1.51    1.12    0.53
197009    4.21    8.71   -5.53    0.54
197010   -2.28   -4.16    0.24    0.46
197011    4.58   -4.02    1.72    0.46
197012    5.65    2.88    0.93    0.42
197101    4.82    7.44    1.33    0.38
197102    1.36    1.84   -1.35    0.33
197103    4.18    2.62   -3.92    0.30
197104    3.05   -0.42    0.76    0.28
197105   -3.93   -1.02   -1.28    0.29
197106   -0.06   -1.40   -2.02    0.37
197107   -4.43   -1.49    0.00    0.40
197108    3.78   -0.04    2.55    0.47
197109   -0.87    0.47   -2.98    0.37
197110   -4.44   -1.68   -0.65    0.37
197111   -0.50   -2.81   -1.81    0.37
197112    8.76    3.34   -0.22    0.37
197201    2.55    6.03    2.19    0.29
197202    2.88    1.32   -2.84    0.25
197203    0.60   -0.24   -1.74    0.27
197204    0.26    0.08    0.32    0.29
197205    1.34   -2.67   -2.83    0.30
197206   -2.38    0.24   -2.23    0.29
197207   -0.74   -2.80    0.55    0.31
197208    3.31   -4.08    4.60    0.29
197209   -1.11   -2.65    0.44    0.34
197210    0.47   -2.67    1.34    0.40
197211    4.61   -1.17    4.80    0.37
197212    0.75   -1.93   -2.25    0.37
197301   -3.20   -3.54    2.67    0.44
197302   -4.86   -3.93    1.66    0.41
197303   -1.25   -2.86    2.74    0.46
197304   -5.70   -3.97    5.54    0.52
197305   -2.96   -6.12    0.24    0.51
197306   -1.38   -2.94    1.42    0.51
197307    5.07    7.95   -5.39    0.64
197308   -3.67   -2.08    1.15    0.70
197309    4.72    2.92    2.17    0.68
197310   -0.68   -0.28    1.75    0.65
197311  -12.64   -7.70    3.98    0.56
197312    0.50   -5.28    3.99    0.64
197401   -0.19    9.66    5.97    0.63
197402   -0.35    0.00    2.45    0.58
197403   -2.90    2.42   -0.07    0.56
197404   -5.35   -0.76    0.97    0.75
197405   -4.95   -2.86   -1.94    0.75
197406   -2.89   -0.16    0.79    0.60
197407   -7.79    0.83    5.25    0.70
197408   -9.38   -0.70    2.65    0.60
197409  -11.78    0.34    5.47    0.81
197410   16.05   -3.41   -9.75    0.51
197411   -4.64   -1.24   -0.15    0.54
197412   -3.40   -4.79    0.10    0.70
197501   13.57   10.91    8.01    0.58
197502    5.41    0.17   -4.42    0.43
197503    2.61    3.70    2.53    0.41
197504    4.21   -0.59   -1.23    0.44
197505    5.07    3.73   -4.10    0.44
197506    4.74    0.76    1.37    0.41
197507   -6.52    2.71    1.65    0.48
197508   -2.84   -3.26   -0.89    0.48
197509   -4.33   -0.09    0.45    0.53
197510    5.03   -4.08    0.34    0.56
197511    2.71   -1.15    1.89    0.41
197512   -1.58   -0.78    1.71    0.48
197601   12.13    4.80    8.35    0.47
197602    0.39    7.01    5.71    0.34
197603    2.28   -1.30    0.02    0.40
197604   -1.46   -0.07   -0.08    0.42
197605   -1.31   -1.21   -1.39    0.37
197606    4.02   -1.34    0.73    0.43
197607   -1.09    0.27    1.70    0.47
197608   -0.56   -1.97    0.84    0.42
197609    2.01    0.00   -0.31    0.44
197610   -2.45    0.16   -0.19    0.41
197611    0.14    2.35    1.47    0.40
197612    5.76    2.93    2.28    0.40
197701   -3.99    4.75    4.25    0.36
197702   -1.93    1.05    0.50    0.35
197703   -1.30    1.03    1.09    0.38
197704    0.12   -0.09    3.41    0.38
197705   -1.45    1.23    0.88    0.37
197706    4.74    2.17   -0.67    0.40
197707   -1.70    2.11   -0.61    0.42
197708   -1.78    1.56   -2.74    0.44
197709   -0.27    1.41   -0.49    0.43
197710   -4.42    1.27    1.86    0.49
197711    4.04    3.67    0.31    0.50
197712    0.33    1.41   -0.33    0.49
197801   -6.01    2.27    3.27    0.49
197802   -1.39    3.60    0.83    0.46
197803    2.87    3.38    1.15    0.53
197804    7.74    0.28   -3.50    0.54
197805    1.81    4.57   -0.61    0.51
197806   -1.62    1.73    0.55    0.54
197807    5.11    0.30   -1.21    0.56
197808    3.69    5.02   -0.43    0.55
197809   -1.31   -0.45    1.88    0.62
197810  -11.78   -9.90    1.46    0.68
197811    2.68    3.03   -2.22    0.70
197812    0.99    1.29   -2.10    0.78
197901    4.18    3.46    2.16    0.77
197902   -3.41    0.45    1.19    0.73
197903    5.75    3.19   -0.61    0.81
197904    0.05    2.11    1.11    0.80
197905   -2.18    0.13    1.26    0.82
197906    3.88    1.09    1.40    0.81
197907    0.73    1.32    1.75    0.77
197908    5.70    1.97   -1.58    0.77
197909   -0.69   -0.29   -0.88    0.83
197910   -8.14   -3.29   -1.87    0.87
197911    5.37    2.75   -3.25    0.99
197912    1.87    4.08   -2.02    0.95
198001    5.76    1.61    1.76    0.80
198002   -0.79   -1.88    0.66    0.89
198003  -13.23   -6.54   -1.01    1.21
198004    3.97    0.92    1.17    1.26
198005    5.20    2.08    0.34    0.81
198006    3.16    1.70   -0.87    0.61
198007    6.41    4.30   -6.23    0.53
198008    1.72    3.93   -2.56    0.64
198009    2.20    0.92   -4.60    0.75
198010    1.06    2.52   -2.69    0.95
198011    9.53   -3.35   -8.41    0.96
198012   -4.75   -0.32    2.68    1.31
198101   -5.05    2.92    6.77    1.04
198102    0.48   -0.34    1.00    1.07
198103    3.41    3.49    0.64    1.21
198104   -2.21    4.40    2.26    1.08
198105    0.21    2.01   -0.43    1.15
198106   -2.37   -0.86    5.10    1.35
198107   -1.55   -2.15   -0.60    1.24
198108   -6.91   -1.94    4.74    1.28
198109   -7.62   -2.69    5.20    1.24
198110    4.81    2.17   -4.12    1.21
198111    3.52   -1.01    1.87    1.07
198112   -3.68    1.19    0.80    0.87
198201   -3.42   -1.21    3.15    0.80
198202   -6.03    0.50    6.03    0.92
198203   -1.99   -0.19    3.83    0.98
198204    3.20    1.50   -2.78    1.13
198205   -3.88    0.46    1.89    1.06
198206   -3.35   -0.33    1.42    0.96
198207   -3.10    0.92    0.17    1.05
198208   11.14   -4.13    1.15    0.76
198209    1.17    2.90    0.33    0.51
198210   11.27    2.33   -3.55    0.59
198211    4.56    4.73   -1.89    0.63
198212    0.78   -0.21    0.10    0.67
198301    3.49    2.60   -0.81    0.69
198302    2.40    3.20    0.74    0.62
198303    2.84    1.78    1.93    0.63
198304    6.71    0.43    0.61    0.71
198305    0.63    6.13   -1.49    0.69
198306    3.11    1.03   -3.99    0.67
198307   -3.90    1.52    5.57    0.74
198308   -0.41   -4.26    5.56    0.76
198309    0.85    0.58    0.99    0.76
198310   -3.56   -3.56    4.90    0.76
198311    2.26    2.05   -0.79    0.70
198312   -1.78   -0.28    1.75    0.73
198401   -2.06   -0.39    7.62    0.76
198402   -4.62   -1.66    3.49    0.71
198403    0.61    0.09    0.47    0.73
198404   -0.56   -1.13    1.28    0.81
198405   -6.01    0.06    0.30    0.78
198406    1.59   -0.23   -2.70    0.75
198407   -2.88   -2.27    0.33    0.82
198408   10.44   -0.26   -1.75    0.83
198409   -0.82    0.21    5.25    0.86
198410   -1.01   -1.18    0.54    1.00
198411   -1.80   -0.66    3.91    0.73
198412    1.73   -0.54   -0.08    0.64
198501    7.92    3.18   -5.34    0.65
198502    1.11    0.82    0.00    0.58
198503   -0.79   -1.11    4.03    0.62
198504   -0.94    0.15    3.77    0.72
198505    4.92   -2.26   -0.90    0.66
198506    1.16    0.55    0.54    0.55
198507   -0.65    2.86   -1.64    0.62
198508   -1.03   -0.34    2.21    0.55
198509   -4.58   -1.63    1.20    0.60
198510    3.79   -1.64    0.80    0.65
198511    6.31    0.15   -2.82    0.61
198512    3.66   -0.44   -1.35    0.65
198601    0.42    1.18    0.44    0.56
198602    6.72   -0.56   -0.61    0.53
198603    4.79   -0.68   -0.49    0.60
198604   -1.31    2.72   -2.87    0.52
198605    4.59   -1.28   -0.09    0.49
198606    0.90   -0.95    1.36    0.52
198607   -6.49   -3.44    4.85    0.52
198608    6.16   -4.17    3.59    0.46
198609   -8.35    2.44    2.93    0.45
198610    4.47   -2.53   -1.47    0.46
198611    1.12   -2.04    0.03    0.39
198612   -3.13    0.12    0.37    0.49
198701   12.43   -1.87   -2.98    0.42
198702    4.36    3.51   -6.04    0.43
198703    1.89    0.43    1.45    0.47
198704   -2.14   -1.65   -0.21    0.44
198705    0.13   -0.55    0.11    0.38
198706    3.89   -2.06    1.08    0.48
198707    3.96   -0.47    0.77    0.46
198708    3.24   -0.80   -0.89    0.47
198709   -2.53    0.57    0.29    0.45
198710  -23.13   -8.27    4.32    0.60
198711   -7.58    2.61    3.19    0.35
198712    6.64    0.12   -4.50    0.39
198801    4.20   -0.64    5.22    0.29
198802    4.71    3.35   -1.67    0.46
198803   -2.10    6.10    0.86    0.44
198804    0.64    0.96    1.51    0.46
198805   -0.47   -2.70    2.36    0.51
198806    4.66    1.97   -1.23    0.49
198807   -1.24   -0.16    2.30    0.51
198808   -3.39    0.19    2.15    0.59
198809    3.10   -1.38   -0.77    0.62
198810    1.15   -2.91    1.60    0.61
198811   -2.21   -1.66    1.26    0.57
198812    1.48    1.93   -1.46    0.63
198901    6.06   -2.03    0.50    0.55
198902   -2.25    2.84    0.95    0.61
198903    1.48    0.74    0.38    0.67
198904    4.15   -0.53   -1.54    0.67
198905    3.14   -0.01   -0.78    0.79
198906   -1.20   -0.90    2.09    0.71
198907    7.01   -4.03   -2.77    0.70
198908    1.47    0.55    0.59    0.74
198909   -0.80    0.37   -1.32    0.65
198910   -3.61   -3.23   -1.14    0.68
198911    1.09   -1.22   -1.11    0.69
198912    1.22   -2.39    0.23    0.61
199001   -7.58   -1.23    0.85    0.57
199002    0.92    0.98    0.56    0.57
199003    1.77    1.41   -2.90    0.64
199004   -3.52   -0.45   -2.48    0.69
199005    8.21   -2.76   -3.84    0.68
199006   -1.05    1.42   -2.08    0.63
199007   -1.62   -3.03    0.10    0.68
199008   -9.85   -3.48    1.55    0.66
199009   -5.98   -3.60    0.65    0.60
199010   -1.93   -5.47    0.20    0.68
199011    6.00    0.23   -2.96    0.57
199012    2.35    0.78   -1.58    0.60
199101    4.39    3.82   -1.76    0.52
199102    7.10    3.87   -0.54    0.48
199103    2.45    3.93   -1.25    0.44
199104   -0.20    0.49    1.51    0.53
199105    3.60   -0.37   -0.52    0.47
199106   -4.82    0.15    1.12    0.42
199107    4.19   -0.91   -1.36    0.49
199108    2.22    1.63   -0.83    0.46
199109   -1.56    1.68   -1.10    0.46
199110    1.36    0.81   -0.35    0.42
199111   -4.12   -0.52   -1.84    0.39
199112   10.30   -2.22   -4.06    0.38
199201   -0.46    8.33    4.59    0.34
199202    1.05    0.85    6.38    0.28
199203   -2.71   -1.03    3.65    0.34
199204    1.02   -6.12    4.34    0.32
199205    0.36    0.45    1.14    0.28
199206   -2.25   -3.03    3.25    0.32
199207    3.68   -0.40   -0.55    0.31
199208   -2.34   -0.08   -1.07    0.26
199209    0.98    0.55   -0.21    0.26
199210    0.87    2.05   -2.06    0.23
199211    3.79    3.58   -1.55    0.23
199212    1.50    1.66    2.49    0.28
199301    1.03    2.01    5.78    0.23
199302    0.32   -3.36    6.52    0.22
199303    2.26    0.32    1.25    0.25
199304   -2.78   -0.64    2.62    0.24
199305    2.74    1.98   -3.41    0.22
199306    0.29   -0.31    2.58    0.25
199307   -0.32    0.93    3.22    0.24
199308    3.70    0.27   -0.41    0.25
199309   -0.20    3.13   -0.48    0.26
199310    1.59    1.41   -1.60    0.22
199311   -2.01   -1.37   -0.19    0.25
199312    1.72    1.19    0.54    0.23
199401    2.90    0.25    2.25    0.25
199402   -2.63    2.68   -1.39    0.21
199403   -4.85   -0.97    1.28    0.27
199404    0.68   -0.87    1.65    0.27
199405    0.62   -1.96    0.16    0.32
199406   -3.10   -0.43    1.67    0.31
199407    2.78   -1.77    0.95    0.28
199408    3.89    1.47   -3.48    0.37
199409   -2.21    2.66   -1.81    0.37
199410    1.07   -2.16   -2.37    0.38
199411   -4.09   -0.11   -0.04    0.37
199412    0.82    0.04    0.25    0.44
199501    1.62   -2.93    1.68    0.42
199502    3.56   -0.31    0.40    0.40
199503    2.24   -0.34   -2.11    0.46
199504    2.06   -0.45    1.71    0.44
199505    2.86   -2.26    1.93    0.54
199506    2.65    3.04   -2.92    0.47
199507    3.63    2.23   -2.23    0.45
199508    0.46    1.82    1.91    0.47
199509    3.21   -1.99   -1.01    0.43
199510   -1.60   -3.85   -0.15    0.47
199511    3.85   -0.78    0.23    0.42
199512    1.03    0.37    1.27    0.49
199601    2.38   -2.62    0.55    0.43
199602    1.24    2.03   -2.21    0.39
199603    0.70    1.28    1.29    0.39
199604    2.09    4.84   -4.01    0.46
199605    2.26    3.21   -1.41    0.42
199606   -1.23   -3.73    2.12    0.40
199607   -5.83   -3.58    4.31    0.45
199608    2.84    2.25   -0.56    0.41
199609    4.86   -0.82   -3.78    0.44
199610    0.94   -4.09    4.80    0.42
199611    6.14   -3.57    0.14    0.41
199612   -1.60    3.11    0.94    0.46
199701    4.89   -1.51   -2.36    0.45
199702   -0.50   -2.56    4.71    0.39
199703   -4.91   -0.30    3.87    0.43
199704    3.80   -5.15   -1.04    0.43
199705    6.67    4.72   -4.33    0.49
199706    4.04    1.49    0.63    0.37
199707    7.22   -2.43   -0.39    0.43
199708   -4.04    7.43    1.05    0.41
199709    5.40    2.65   -0.27    0.44
199710   -3.87   -0.83    2.27    0.42
199711    2.66   -4.99    0.98    0.39
199712    1.30   -2.33    3.78    0.48
199801    0.02   -1.02   -1.81    0.43
199802    6.93    0.24   -0.74    0.39
199803    4.74   -1.21    1.63    0.39
199804    0.66    0.44    0.29    0.43
199805   -2.98   -3.57    4.27    0.40
199806    2.79   -3.22   -1.86    0.41
199807   -2.73   -4.87   -1.17    0.40
199808  -16.20   -5.60    5.09    0.43
199809    5.92   -0.19   -3.76    0.46
199810    7.12   -3.18   -2.77    0.32
199811    5.89    1.21   -3.49    0.31
199812    5.93   -0.26   -4.82    0.38
199901    3.48    0.78   -5.43    0.35
199902   -4.16   -5.57    1.65    0.35
199903    3.36   -3.73   -2.95    0.43
199904    4.53    3.06    2.48    0.37
199905   -2.41    3.63    2.73    0.34
199906    4.70    3.30   -4.03    0.40
199907   -3.44    2.22    0.54    0.38
199908   -1.39   -1.27   -0.95    0.39
199909   -2.67    3.25   -3.04    0.39
199910    5.81   -6.64   -3.19    0.39
199911    3.33    7.68   -7.82    0.36
199912    7.95    7.03   -9.28    0.44
200001   -4.39    4.30    0.14    0.41
200002    2.74   22.09  -13.20    0.43
200003    4.88  -16.78    8.39    0.47
200004   -6.41   -7.77    9.10    0.46
200005   -4.40   -5.00    3.81    0.50
200006    4.76   13.41  -10.03    0.40
200007   -2.19   -2.78    8.37    0.48
200008    7.14   -1.02   -1.32    0.50
200009   -5.62   -1.82    6.86    0.51
200010   -3.02   -3.64    4.83    0.56
200011  -10.76   -3.10   12.47    0.51
200012    1.53    1.57    6.03    0.50
200101    3.41    6.87   -5.65    0.54
200102  -10.32   -1.09   13.74    0.39
200103   -7.47    0.58    6.24    0.44
200104    8.00    0.20   -4.45    0.39
200105    0.74    2.96    2.76    0.32
200106   -2.03    6.46   -2.14    0.28
200107   -2.13   -4.11    5.33    0.30
200108   -6.22    2.14    3.27    0.31
200109   -9.43   -6.38    1.74    0.28
200110    2.58    6.84   -7.06    0.22
200111    7.70    0.38    0.76    0.17
200112    1.63    5.03    0.35    0.15
200201   -1.75    1.06    3.55    0.14
200202   -2.30   -1.68    3.94    0.13
200203    4.34    4.31    1.13    0.13
200204   -5.11    5.83    4.28    0.15
200205   -1.19   -3.72    2.39    0.14
200206   -7.15    3.54    1.59    0.13
200207   -8.26   -5.12   -3.62    0.15
200208    0.66   -2.28    2.10    0.14
200209  -10.14    2.75    1.25    0.14
200210    7.36   -3.06   -6.71    0.14
200211    6.01    3.11   -1.54    0.12
200212   -5.44   -0.53    3.87    0.11
200301   -2.44    1.36   -0.91    0.10
200302   -1.63   -0.32   -1.59    0.09
200303    0.93    0.80   -1.75    0.10
200304    8.18    1.17    0.02    0.10
200305    6.26    4.69    0.14    0.09
200306    1.53    1.49    0.62    0.10
200307    2.24    5.55   -2.12    0.07
200308    2.42    2.63    1.71    0.07
200309   -0.99    0.59    0.97    0.08
200310    5.96    2.88    1.75    0.07
200311    1.59    2.20    1.32    0.07
200312    4.47   -2.84    2.73    0.08
200401    2.24    2.63    1.54    0.07
200402    1.49   -1.19    0.41    0.06
200403   -1.16    1.82    0.02    0.09
200404   -2.50   -2.51   -1.76    0.08
200405    1.35   -0.15   -0.25    0.06
200406    2.08    2.27    1.70    0.08
200407   -3.87   -3.76    4.39    0.10
200408    0.16   -1.49    1.20    0.11
200409    1.95    2.84    0.49    0.11
200410    1.67    0.55   -0.95    0.11
200411    4.67    4.08    1.97    0.15
200412    3.36    0.17   -0.35    0.16
200501   -2.82   -1.61    2.45    0.16
200502    2.11   -0.73    2.79    0.16
200503   -1.90   -1.29    1.65    0.21
200504   -2.73   -3.92   -0.40    0.21
200505    3.53    3.06   -1.28    0.24
200506    0.92    2.57    2.77    0.23
200507    4.09    2.81   -0.39    0.24
200508   -0.89   -0.96    1.32    0.30

 Annual Factors: January-December 
        Mkt-RF     SMB     HML      RF
  1927   30.21   -2.26   -5.40    3.13
  1928   35.35    4.52   -8.32    3.54
  1929  -19.38  -29.39   12.89    4.74
  1930  -31.02   -4.78  -13.45    2.43
  1931  -45.57    4.85  -15.97    1.09
  1932  -10.35    4.23    5.76    0.95
  1933   57.43   51.47   14.09    0.30
  1934    4.05   25.16  -29.21    0.18
  1935   44.53   11.71    7.03    0.14
  1936   32.37   15.84   29.64    0.18
  1937  -34.91  -13.61   -4.87    0.29
  1938   28.21   12.27  -13.77   -0.04
  1939    1.95    5.75  -17.72    0.01
  1940   -7.42    0.97   -0.20   -0.02
  1941   -9.67   -4.69   12.06    0.04
  1942   15.83    5.44   19.16    0.28
  1943   27.83   31.14   33.85    0.36
  1944   21.08   17.08   18.15    0.33
  1945   38.10   25.37   13.34    0.32
  1946   -6.28   -4.30    1.95    0.36
  1947    2.88   -7.52    9.26    0.50
  1948    1.51   -9.05    3.11    0.81
  1949   19.14    3.06   -3.57    1.12
  1950   28.64    1.50   26.84    1.22
  1951   19.38   -5.08   -4.78    1.49
  1952   11.66   -7.10    4.28    1.65
  1953   -1.50   -0.64   -8.72    1.83
  1954   49.40   -2.08   25.00    0.86
  1955   23.73   -6.02    5.29    1.57
  1956    6.01   -0.47   -2.63    2.47
  1957  -13.53   -2.56   -6.68    3.15
  1958   43.30   14.63   12.28    1.53
  1959    9.56    5.35    1.30    2.98
  1960   -1.51   -2.24   -5.16    2.67
  1961   24.87    0.35    5.47    2.12
  1962  -13.03   -8.63    9.62    2.73
  1963   17.77   -6.13   15.88    3.11
  1964   12.78   -1.89    9.96    3.53
  1965   10.47   21.57    7.70    3.92
  1966  -13.44    2.66   -0.55    4.75
  1967   24.36   51.00   -9.55    4.21
  1968    8.95   24.32   18.24    5.22
  1969  -17.41  -14.38  -10.35    6.57
  1970   -6.44  -11.53   21.91    6.52
  1971   11.81    6.39  -11.69    4.39
  1972   13.50  -11.88    1.74    3.84
  1973  -25.70  -23.54   17.72    6.93
  1974  -35.94   -0.63   10.15    8.01
  1975   31.55   14.83    8.92    5.80
  1976   21.69   14.33   24.04    5.08
  1977   -8.10   23.03    7.70    5.13
  1978    1.36   14.24    0.52    7.19
  1979   14.03   20.49   -2.34   10.38
  1980   21.97    5.67  -24.44   11.26
  1981  -18.70    7.00   25.01   14.72
  1982    9.89    9.11   13.85   10.53
  1983   13.85   13.72   20.03    8.80
  1984   -6.67   -8.06   19.49    9.84
  1985   23.69    0.11    1.76    7.72
  1986    9.40   -9.90    9.50    6.16
  1987   -3.65  -10.64   -1.39    5.47
  1988   11.20    5.81   14.79    6.36
  1989   20.06  -11.98   -4.72    8.38
  1990  -13.92  -14.13   -9.82    7.84
  1991   28.05   16.19  -14.44    5.60
  1992    5.56    7.51   23.94    3.50
  1993    8.69    5.98   18.90    2.90
  1994   -4.67   -1.17   -0.80    3.91
  1995   30.07   -7.48    1.09    5.60
  1996   15.96   -2.61    3.62    5.20
  1997   25.08   -4.86   12.34    5.25
  1998   17.43  -25.23   -9.07    4.85
  1999   20.57   15.13  -33.58    4.69
  2000  -16.93   -2.59   39.74    5.88
  2001  -15.12   18.73   17.85    3.86
  2002  -22.47    3.34   10.27    1.63
  2003   32.12   27.41    4.22    1.02
  2004   11.82    5.13    9.72    1.19
